8761  ALA     5  8  38  41  83  111  148  231  285  334  400  401  410  390  394  392  382  378  419  441  456  537  504  459  425  369  303  177  104  136
1572  CYS     0  2  2  7  5  15  14  14  10  16  33  37  43  45  63  72  81  104  109  107  136  122  130  115  99  69  53  30  18  21
6052  ASP     3  6  35  53  77  121  188  282  353  427  479  510  456  473  382  376  321  290  236  193  158  156  127  97  88  65  39  35  11  15
5976  GLU     0  5  25  38  65  122  172  260  383  472  500  499  502  504  455  402  337  274  219  150  153  126  110  70  55  31  23  10  10  4
4089  PHE     2  1  10  9  21  32  34  38  55  60  69  83  101  147  150  198  248  255  331  345  304  340  337  262  223  187  111  67  41  28
  1  GLY     0  0  0  0  0  0  0  0  0  0  0  0  0  0  0  0  0  0  1  0  0  0  0  0  0  0  0  0  0  0
2362  HIS     0  3  14  16  20  34  35  44  71  61  99  123  134  141  133  174  149  145  153  143  151  117  110  101  66  55  26  22  10  12
5379  ILE     1  1  22  20  23  34  30  51  68  95  119  121  141  170  212  259  258  289  329  382  452  389  464  442  365  267  169  100  62  44
5863  LYS     3  4  27  49  72  118  144  208  298  396  502  499  525  555  494  447  366  313  243  179  129  82  85  56  27  24  11  3  3  1
8440  LEU     3  8  20  34  39  65  66  71  101  122  187  200  247  319  365  410  522  513  527  647  659  688  668  614  490  380  230  135  60  50
2015  MET     1  0  10  11  11  17  21  30  42  46  45  60  86  93  99  109  123  83  111  137  134  128  143  144  117  84  49  36  29  16
4702  ASN     0  8  24  36  64  104  122  213  248  285  321  294  372  317  322  297  251  250  207  180  166  151  128  97  76  63  53  28  7  18
4666  PRO     0  7  21  31  58  94  144  221  257  316  295  348  297  263  296  248  251  224  163  192  186  153  124  120  107  94  66  54  18  18
3839  GLN     2  4  16  17  38  53  61  125  166  202  237  325  283  317  298  280  262  233  199  163  139  102  86  74  56  45  30  9  10  7
4517  ARG     4  1  16  22  36  50  80  107  143  185  297  293  321  344  349  373  330  316  261  230  193  156  138  99  78  34  31  20  3  7
6172  SER     0  8  28  46  79  113  169  240  310  379  370  400  419  354  332  295  337  283  287  264  231  242  230  183  176  136  104  63  48  46
5819  THR     2  4  23  49  53  78  121  130  218  274  321  388  428  399  380  348  328  283  269  266  235  225  218  198  192  146  101  61  45  36
7122  VAL     2  4  19  34  37  45  49  74  105  137  166  221  246  244  261  328  353  400  417  427  508  535  513  506  475  397  273  169  87  90
1507  TRP     0  0  2  3  3  6  17  7  14  27  35  31  48  64  65  86  102  129  110  124  132  125  98  75  83  53  31  26  6  5
3629  TYR     1  2  12  16  13  29  27  27  56  63  92  104  112  124  150  206  266  289  281  293  298  283  258  218  154  113  67  36  23  16
92483  XXX     29  76  364  532  797  1241  1642  2373  3183  3897  4567  4937  5171  5263  5200  5300  5267  5051  4872  4863  4820  4657  4471  3930  3352  2612  1770  1081  595  570
